Iteration     : 1
CompLabel     : FX
averageVal1   : -0.00921
averageVal2   : 0.03554
AVG_MAG_VAL   : 0.01979
rmsVal1       : -0.00921
rmsVal2       : 0.03572
AVG_RMS_Val   : 0.01476
amplitudeVal1 : 0.05405
amplitudeVal2 : 0.01145
AVG_AMP_VAL   : 0.02609
Label 1       : FX
Label 2       : FX
t1Start       : 0.00000
t1End         : 5.97500
t2Start       : 5.97500
t2End         : 6.66500
tAvgIndex     : 3.33250

