Iteration     : 1
CompLabel     : FX
averageVal1   : 11.13965
averageVal2   : 11.16250
AVG_MAG_VAL   : 11.15107
rmsVal1       : 11.13973
rmsVal2       : 11.16265
AVG_RMS_Val   : 9.25751
amplitudeVal1 : 0.18400
amplitudeVal2 : 0.16980
AVG_AMP_VAL   : 0.17690
Label 1       : FX
Label 2       : z
t1Start       : 0.00000
t1End         : 6.89900
t2Start       : 6.90000
t2End         : 6.94000
tAvgIndex     : 3.47000

