Iteration     : 1
CompLabel     : FX
averageVal1   : -0.00767
averageVal2   : -0.00767
AVG_MAG_VAL   : -0.00767
rmsVal1       : 0.01006
rmsVal2       : 0.01006
AVG_RMS_Val   : 0.00712
amplitudeVal1 : -0.00271
amplitudeVal2 : -0.00271
AVG_AMP_VAL   : -0.00271
Label 1       : k
Label 2       : k
t1Start       : 0.00000
t1End         : 6.94000
t2Start       : 0.00000
t2End         : 6.94000
tAvgIndex     : 3.47000

