Iteration     : 1
CompLabel     : FX
averageVal1   : 0.01503
averageVal2   : 0.02800
AVG_MAG_VAL   : 0.02151
rmsVal1       : 0.02303
rmsVal2       : 0.03025
AVG_RMS_Val   : 0.02302
amplitudeVal1 : 0.01763
amplitudeVal2 : 0.03414
AVG_AMP_VAL   : 0.02588
Label 1       : FX
Label 2       : z
t1Start       : 0.00000
t1End         : 5.17500
t2Start       : 5.17500
t2End         : 6.94000
tAvgIndex     : 3.47000

