Iteration     : 1
CompLabel     : FX
averageVal1   : 10.95478
averageVal2   : 10.47577
AVG_MAG_VAL   : 10.62320
rmsVal1       : 10.95478
rmsVal2       : 10.47632
AVG_RMS_Val   : 9.45672
amplitudeVal1 : 0.23631
amplitudeVal2 : 0.35839
AVG_AMP_VAL   : 0.33940
Label 1       : FX
Label 2       : FX
t1Start       : 0.00000
t1End         : 4.95000
t2Start       : 4.95000
t2End         : 6.65500
tAvgIndex     : 3.32750

